fid:276.413080
kid:0.205971
lpips:0.452635
psnr:18.803344
ms-ssim:0.629514
art-fid:39.184727
clip_loss:0.495121
style_loss:0.193149
content_loss:184.968704
