fid:225.851787
kid:0.140505
lpips:0.462974
psnr:17.884704
ms-ssim:0.646094
art-fid:468.259308
clip_loss:0.482919
style_loss:0.021481
content_loss:126.938293
